  0.0000     60.0000  
  0.0100     58.0406  
  0.0200     52.3918  
  0.0300     43.7102  
  0.0400     32.9882  
  0.0500     21.4181  
  0.0600     10.2306  
  0.0700      0.5325  
  0.0800     -6.8317  
  0.0900    -11.3774  
  0.1000    -13.0208  
  0.1100    -12.0613  
  0.1200     -9.1097  
  0.1300     -4.9753  
  0.1400     -0.5323  
  0.1500      3.4150  
  0.1600      6.2457  
  0.1700      7.5992  
  0.1800      7.4053  
  0.1900      5.8662  
  0.2000      3.3963  
  0.2100      0.5320  
  0.2200     -2.1707  
  0.2300     -4.2343  
  0.2400     -5.3360  
  0.2500     -5.3525  
  0.2600     -4.3659  
  0.2700     -2.6341  
  0.2800     -0.5315  
  0.2900      1.5259  
  0.3000      3.1591  
  0.3100      4.0918  
  0.3200      4.1947  
  0.3300      3.4995  
  0.3400      2.1841  
  0.3500      0.5309  
  0.3600     -1.1309  
  0.3700     -2.4888  
  0.3800     -3.3034  
  0.3900     -3.4498  
  0.4000     -2.9342  
  0.4100     -1.8864  
  0.4200     -0.5302  
  0.4300      0.8638  
  0.4400      2.0301  
  0.4500      2.7582  
  0.4600      2.9294  
  0.4700      2.5353  
  0.4800      1.6744  
  0.4900      0.5293  
  0.5000     -0.6709  
  0.5100     -1.6960  
  0.5200     -2.3579  
  0.5300     -2.5446  
  0.5400     -2.2381  
  0.5500     -1.5151  
  0.5600     -0.5283  
  0.5700      0.5250  
  0.5800      1.4415  
  0.5900      2.0511  
  0.6000      2.2478  
  0.6100      2.0077  
  0.6200      1.3908  
  0.6300      0.5271  
  0.6400     -0.4106  
  0.6500     -1.2407  
  0.6600     -1.8079  
  0.6700     -2.0115  
  0.6800     -1.8233  
  0.6900     -1.2908  
  0.7000     -0.5259  
  0.7100      0.3184  
  0.7200      1.0782  
  0.7300      1.6101  
  0.7400      1.8185  
  0.7500      1.6720  
  0.7600      1.2083  
  0.7700      0.5244  
  0.7800     -0.2426  
  0.7900     -0.9437  
  0.8000     -1.4458  
  0.8100     -1.6576  
  0.8200     -1.5455  
  0.8300     -1.1389  
  0.8400     -0.5229  
  0.8500      0.1792  
  0.8600      0.8304  
  0.8700      1.3069  
  0.8800      1.5211  
  0.8900      1.4377  
  0.9000      1.0794  
  0.9100      0.5212  
  0.9200     -0.1252  
  0.9300     -0.7336  
  0.9400     -1.1878  
  0.9500     -1.4037  
  0.9600     -1.3446  
  0.9700     -1.0278  
  0.9800     -0.5194  
  0.9900      0.0788
